from pyscript import window
import pyodide
import json
import base64

def _build_character_cache(byte_array):
    return "".join(chr(b) for b in byte_array)

async def execute_query_pipeline(event):
    search_input = str(event.detail).lower()
    coords = [[50, 120, 700, 25], [50, 215, 700, 25]]
    colors = ["#66fcf1"]
    strings = [
        "Google Core Matrix Index Node -> ei://google.com",
        "DuckDuckGo Proxy Stream Endpoint -> ei://duckduckgo.com"
    ]
    floats = [120.0, 215.0]
    assets = ["g_node", "e_node"]

    payload = {"coords": coords, "colors": colors, "strings": strings, "floats": floats, "assets": assets}
    serialized = json.dumps(payload)
    scrambled_b64 = base64.b64encode(serialized.encode('utf-8')).decode('utf-8')
    window.dispatchEvent(window.CustomEvent.new('pyIndexBroadcast', {'detail': scrambled_b64}))

async def execute_page_resolve(event):
    target_key = str(event.detail)
    raw_bytes = [
        87, 101, 108, 99, 111, 109, 101, 32, 116, 111, 32, 116, 104, 101, 32, 69, 118, 105, 108, 32, 73, 110, 116, 101, 114, 110, 101, 116, 32, 83, 97, 110, 100, 98, 111, 120, 46, 10,
        76, 105, 110, 101, 32, 49, 58, 32, 82, 101, 110, 100, 101, 114, 105, 110, 103, 32, 102, 108, 97, 116, 32, 112, 105, 120, 101, 108, 32, 109, 97, 116, 114, 105, 120, 32, 114, 111, 119, 115, 46, 10,
        76, 105, 110, 101, 32, 50, 58, 32, 72, 97, 112, 97, 114, 97, 32, 72, 105, 103, 104, 108, 105, 103, 104, 116, 115, 32, 115, 99, 97, 110, 110, 101, 114, 115, 32, 97, 114, 101, 32, 98, 108, 105, 110, 100, 46, 10,
        76, 105, 110, 101, 32, 51, 58, 32, 83, 99, 114, 111, 108, 108, 105, 110, 103, 32, 101, 110, 103, 105, 110, 101, 32, 105, 115, 32, 110, 111, 119, 32, 102, 117, 108, 108, 121, 32, 97, 99, 116, 105, 118, 101, 46, 10,
        76, 105, 110, 101, 32, 52, 58, 32, 85, 115, 101, 32, 116, 104, 101, 32, 109, 111, 117, 115, 101, 32, 119, 104, 101, 101, 108, 32, 116, 111, 32, 116, 101, 115, 116, 32, 116, 104, 101, 32, 111, 102, 102, 115, 101, 116, 115, 46, 10,
        76, 105, 110, 101, 32, 53, 58, 32, 69, 118, 105, 108, 32, 78, 54, 52, 32, 97, 110, 100, 32, 83, 105, 116, 101, 77, 97, 115, 107, 32, 97, 114, 101, 32, 115, 116, 97, 110, 100, 105, 110, 103, 32, 98, 121, 46, 10,
        76, 105, 110, 101, 32, 54, 58, 32, 65, 100, 100, 105, 116, 105, 111, 110, 97, 108, 32, 98, 117, 102, 102, 101, 114, 32, 114, 111, 119, 32, 116, 111, 32, 102, 111, 114, 99, 101, 32, 115, 99, 114, 111, 108, 108, 105, 110, 103, 46, 10,
        76, 105, 110, 101, 32, 55, 58, 32, 65, 100, 100, 105, 116, 105, 111, 110, 97, 108, 32, 98, 117, 102, 102, 101, 114, 32, 114, 111, 119, 32, 116, 111, 32, 102, 111, 114, 99, 101, 32, 115, 99, 114, 111, 108, 108, 105, 110, 103, 46, 10,
        76, 105, 110, 101, 32, 56, 58, 32, 65, 100, 100, 105, 116, 105, 111, 110, 97, 108, 32, 98, 117, 102, 102, 101, 114, 32, 114, 111, 119, 32, 116, 111, 32, 102, 111, 114, 99, 101, 32, 115, 99, 114, 111, 108, 108, 105, 110, 103, 46, 10,
        76, 105, 110, 101, 32, 57, 58, 32, 65, 100, 100, 105, 116, 105, 111, 110, 97, 108, 32, 98, 117, 102, 102, 101, 114, 32, 114, 111, 119, 32, 116, 111, 32, 102, 111, 114, 99, 101, 32, 115, 99, 114, 111, 108, 108, 105, 110, 103, 46, 10,
        76, 105, 110, 101, 32, 49, 48, 58, 32, 69, 110, 100, 32, 111, 102, 32, 100, 111, 99, 117, 109, 101, 110, 116, 46
    ]
    if target_key == "e_node":
        raw_bytes = [69, 118, 105, 108, 32, 68, 117, 99, 107, 68, 117, 99, 107, 71, 111, 32, 77, 105, 114, 114, 111, 114, 10, 80, 114, 105, 118, 97, 116, 101, 32, 115, 101, 97, 114, 99, 104, 32, 97, 99, 116, 105, 118, 97, 116, 101, 100, 46]
    
    decoded_text = "".join(chr(b) for b in raw_bytes)
    lines_array = pyodide.ffi.to_js(decoded_text.split('\n'))
    window.dispatchEvent(window.CustomEvent.new('pyPageBroadcast', {'detail': lines_array}))

bridge_search = pyodide.ffi.create_proxy(execute_query_pipeline)
bridge_resolve = pyodide.ffi.create_proxy(execute_page_resolve)
window.addEventListener('triggerSearch', bridge_search)
window.addEventListener('triggerPageLoad', bridge_resolve)
from pyscript import window
import pyodide
import json
import base64

def _build_character_cache(byte_array):
    return "".join(chr(b) for b in byte_array)

async def execute_query_pipeline(event):
    search_input = str(event.detail).lower()
    coords = [[50, 120, 700, 25], [50, 215, 700, 25]]
    colors = ["#66fcf1"]
    strings = [
        "Google Core Matrix Index Node -> ei://google.com",
        "DuckDuckGo Proxy Stream Endpoint -> ei://duckduckgo.com"
    ]
    floats = [120.0, 215.0]
    assets = ["g_node", "e_node"]

    payload = {"coords": coords, "colors": colors, "strings": strings, "floats": floats, "assets": assets}
    serialized = json.dumps(payload)
    scrambled_b64 = base64.b64encode(serialized.encode('utf-8')).decode('utf-8')
    window.dispatchEvent(window.CustomEvent.new('pyIndexBroadcast', {'detail': scrambled_b64}))

async def execute_page_resolve(event):
    target_key = str(event.detail)
    raw_bytes = [
        87, 101, 108, 99, 111, 109, 101, 32, 116, 111, 32, 116, 104, 101, 32, 69, 118, 105, 108, 32, 73, 110, 116, 101, 114, 110, 101, 116, 32, 83, 97, 110, 100, 98, 111, 120, 46, 10,
        76, 105, 110, 101, 32, 49, 58, 32, 82, 101, 110, 100, 101, 114, 105, 110, 103, 32, 102, 108, 97, 116, 32, 112, 105, 120, 101, 108, 32, 109, 97, 116, 114, 105, 120, 32, 114, 111, 119, 115, 46, 10,
        76, 105, 110, 101, 32, 50, 58, 32, 72, 97, 112, 97, 114, 97, 32, 72, 105, 103, 104, 108, 105, 103, 104, 116, 115, 32, 115, 99, 97, 110, 110, 101, 114, 115, 32, 97, 114, 101, 32, 98, 108, 105, 110, 100, 46, 10,
        76, 105, 110, 101, 32, 51, 58, 32, 83, 99, 114, 111, 108, 108, 105, 110, 103, 32, 101, 110, 103, 105, 110, 101, 32, 105, 115, 32, 110, 111, 119, 32, 102, 117, 108, 108, 121, 32, 97, 99, 116, 105, 118, 101, 46, 10,
        76, 105, 110, 101, 32, 52, 58, 32, 85, 115, 101, 32, 116, 104, 101, 32, 109, 111, 117, 115, 101, 32, 119, 104, 101, 101, 108, 32, 116, 111, 32, 116, 101, 115, 116, 32, 116, 104, 101, 32, 111, 102, 102, 115, 101, 116, 115, 46, 10,
        76, 105, 110, 101, 32, 53, 58, 32, 69, 118, 105, 108, 32, 78, 54, 52, 32, 97, 110, 100, 32, 83, 105, 116, 101, 77, 97, 115, 107, 32, 97, 114, 101, 32, 115, 116, 97, 110, 100, 105, 110, 103, 32, 98, 121, 46, 10,
        76, 105, 110, 101, 32, 54, 58, 32, 65, 100, 100, 105, 116, 105, 111, 110, 97, 108, 32, 98, 117, 102, 102, 101, 114, 32, 114, 111, 119, 32, 116, 111, 32, 102, 111, 114, 99, 101, 32, 115, 99, 114, 111, 108, 108, 105, 110, 103, 46, 10,
        76, 105, 110, 101, 32, 55, 58, 32, 65, 100, 100, 105, 116, 105, 111, 110, 97, 108, 32, 98, 117, 102, 102, 101, 114, 32, 114, 111, 119, 32, 116, 111, 32, 102, 111, 114, 99, 101, 32, 115, 99, 114, 111, 108, 108, 105, 110, 103, 46, 10,
        76, 105, 110, 101, 32, 56, 58, 32, 65, 100, 100, 105, 116, 105, 111, 110, 97, 108, 32, 98, 117, 102, 102, 101, 114, 32, 114, 111, 119, 32, 116, 111, 32, 102, 111, 114, 99, 101, 32, 115, 99, 114, 111, 108, 108, 105, 110, 103, 46, 10,
        76, 105, 110, 101, 32, 57, 58, 32, 65, 100, 100, 105, 116, 105, 111, 110, 97, 108, 32, 98, 117, 102, 102, 101, 114, 32, 114, 111, 119, 32, 116, 111, 32, 102, 111, 114, 99, 101, 32, 115, 99, 114, 111, 108, 108, 105, 110, 103, 46, 10,
        76, 105, 110, 101, 32, 49, 48, 58, 32, 69, 110, 100, 32, 111, 102, 32, 100, 111, 99, 117, 109, 101, 110, 116, 46
    ]
    if target_key == "e_node":
        raw_bytes = [69, 118, 105, 108, 32, 68, 117, 99, 107, 68, 117, 99, 107, 71, 111, 32, 77, 105, 114, 114, 111, 114, 10, 80, 114, 105, 118, 97, 116, 101, 32, 115, 101, 97, 114, 99, 104, 32, 97, 99, 116, 105, 118, 97, 116, 101, 100, 46]
    
    decoded_text = "".join(chr(b) for b in raw_bytes)
    lines_array = pyodide.ffi.to_js(decoded_text.split('\n'))
    window.dispatchEvent(window.CustomEvent.new('pyPageBroadcast', {'detail': lines_array}))

bridge_search = pyodide.ffi.create_proxy(execute_query_pipeline)
bridge_resolve = pyodide.ffi.create_proxy(execute_page_resolve)
window.addEventListener('triggerSearch', bridge_search)
window.addEventListener('triggerPageLoad', bridge_resolve)
from pyscript import window
import pyodide
import json
import base64

def _build_character_cache(byte_array):
    return "".join(chr(b) for b in byte_array)

async def execute_query_pipeline(event):
    search_input = str(event.detail).lower()
    coords = [[50, 120, 700, 25], [50, 215, 700, 25]]
    colors = ["#66fcf1"]
    strings = [
        "Google Core Matrix Index Node -> ei://google.com",
        "DuckDuckGo Proxy Stream Endpoint -> ei://duckduckgo.com"
    ]
    floats = [120.0, 215.0]
    assets = ["g_node", "e_node"]

    payload = {"coords": coords, "colors": colors, "strings": strings, "floats": floats, "assets": assets}
    serialized = json.dumps(payload)
    scrambled_b64 = base64.b64encode(serialized.encode('utf-8')).decode('utf-8')
    window.dispatchEvent(window.CustomEvent.new('pyIndexBroadcast', {'detail': scrambled_b64}))

async def execute_page_resolve(event):
    target_key = str(event.detail)
    raw_bytes = [
        87, 101, 108, 99, 111, 109, 101, 32, 116, 111, 32, 116, 104, 101, 32, 69, 118, 105, 108, 32, 73, 110, 116, 101, 114, 110, 101, 116, 32, 83, 97, 110, 100, 98, 111, 120, 46, 10,
        76, 105, 110, 101, 32, 49, 58, 32, 82, 101, 110, 100, 101, 114, 105, 110, 103, 32, 102, 108, 97, 116, 32, 112, 105, 120, 101, 108, 32, 109, 97, 116, 114, 105, 120, 32, 114, 111, 119, 115, 46, 10,
        76, 105, 110, 101, 32, 50, 58, 32, 72, 97, 112, 97, 114, 97, 32, 72, 105, 103, 104, 108, 105, 103, 104, 116, 115, 32, 115, 99, 97, 110, 110, 101, 114, 115, 32, 97, 114, 101, 32, 98, 108, 105, 110, 100, 46, 10,
        76, 105, 110, 101, 32, 51, 58, 32, 83, 99, 114, 111, 108, 108, 105, 110, 103, 32, 101, 110, 103, 105, 110, 101, 32, 105, 115, 32, 110, 111, 119, 32, 102, 117, 108, 108, 121, 32, 97, 99, 116, 105, 118, 101, 46, 10,
        76, 105, 110, 101, 32, 52, 58, 32, 85, 115, 101, 32, 116, 104, 101, 32, 109, 111, 117, 115, 101, 32, 119, 104, 101, 101, 108, 32, 116, 111, 32, 116, 101, 115, 116, 32, 116, 104, 101, 32, 111, 102, 102, 115, 101, 116, 115, 46, 10,
        76, 105, 110, 101, 32, 53, 58, 32, 69, 118, 105, 108, 32, 78, 54, 52, 32, 97, 110, 100, 32, 83, 105, 116, 101, 77, 97, 115, 107, 32, 97, 114, 101, 32, 115, 116, 97, 110, 100, 105, 110, 103, 32, 98, 121, 46, 10,
        76, 105, 110, 101, 32, 54, 58, 32, 65, 100, 100, 105, 116, 105, 111, 110, 97, 108, 32, 98, 117, 102, 102, 101, 114, 32, 114, 111, 119, 32, 116, 111, 32, 102, 111, 114, 99, 101, 32, 115, 99, 114, 111, 108, 108, 105, 110, 103, 46, 10,
        76, 105, 110, 101, 32, 55, 58, 32, 65, 100, 100, 105, 116, 105, 111, 110, 97, 108, 32, 98, 117, 102, 102, 101, 114, 32, 114, 111, 119, 32, 116, 111, 32, 102, 111, 114, 99, 101, 32, 115, 99, 114, 111, 108, 108, 105, 110, 103, 46, 10,
        76, 105, 110, 101, 32, 56, 58, 32, 65, 100, 100, 105, 116, 105, 111, 110, 97, 108, 32, 98, 117, 102, 102, 101, 114, 32, 114, 111, 119, 32, 116, 111, 32, 102, 111, 114, 99, 101, 32, 115, 99, 114, 111, 108, 108, 105, 110, 103, 46, 10,
        76, 105, 110, 101, 32, 57, 58, 32, 65, 100, 100, 105, 116, 105, 111, 110, 97, 108, 32, 98, 117, 102, 102, 101, 114, 32, 114, 111, 119, 32, 116, 111, 32, 102, 111, 114, 99, 101, 32, 115, 99, 114, 111, 108, 108, 105, 110, 103, 46, 10,
        76, 105, 110, 101, 32, 49, 48, 58, 32, 69, 110, 100, 32, 111, 102, 32, 100, 111, 99, 117, 109, 101, 110, 116, 46
    ]
    if target_key == "e_node":
        raw_bytes = [69, 118, 105, 108, 32, 68, 117, 99, 107, 68, 117, 99, 107, 71, 111, 32, 77, 105, 114, 114, 111, 114, 10, 80, 114, 105, 118, 97, 116, 101, 32, 115, 101, 97, 114, 99, 104, 32, 97, 99, 116, 105, 118, 97, 116, 101, 100, 46]
    
    decoded_text = "".join(chr(b) for b in raw_bytes)
    lines_array = pyodide.ffi.to_js(decoded_text.split('\n'))
    window.dispatchEvent(window.CustomEvent.new('pyPageBroadcast', {'detail': lines_array}))

bridge_search = pyodide.ffi.create_proxy(execute_query_pipeline)
bridge_resolve = pyodide.ffi.create_proxy(execute_page_resolve)
window.addEventListener('triggerSearch', bridge_search)
window.addEventListener('triggerPageLoad', bridge_resolve)
